29 159
0 1
0 2
0 3
0 5
0 8
0 9
0 11
0 13
0 15
0 19
0 22
0 23
0 24
0 25
0 27
0 28
1 5
1 7
1 11
1 12
1 13
1 14
1 16
1 18
1 23
1 27
2 3
2 6
2 7
2 8
2 10
2 12
2 15
2 16
2 17
2 18
2 19
2 21
2 22
2 24
2 26
2 27
3 6
3 7
3 24
3 27
4 5
4 6
4 7
4 8
4 9
4 10
4 11
4 13
4 14
4 15
4 21
4 22
4 26
4 28
5 12
6 12
6 13
6 16
6 18
6 19
6 22
6 23
6 25
6 26
6 28
7 8
7 9
7 11
7 13
7 17
7 18
7 22
7 23
8 9
8 10
8 12
8 13
8 14
8 15
8 19
8 22
8 27
8 28
9 12
9 16
9 17
9 19
9 20
9 21
9 22
9 23
9 25
9 27
10 14
10 17
10 23
10 26
11 14
11 16
11 17
11 18
11 21
11 23
11 26
12 13
12 16
12 17
12 19
12 22
12 25
12 28
14 17
14 20
14 21
14 22
14 24
14 26
14 28
15 20
15 22
16 18
16 19
16 21
16 22
16 23
16 24
16 26
16 27
17 18
17 21
17 24
17 25
17 26
17 28
18 19
18 25
18 27
18 28
19 20
19 21
19 22
19 23
19 24
19 26
20 25
20 28
21 23
21 27
22 25
24 26
25 27
25 28
26 27